28928
30711
8800
52335
38775
52704
24380
19602
57998
2919
8362
17884
45737
47894
59667
10385
52782
64416
40946
16778
27159
24324
32450
9108
65305
19575
11117
65170
58013
61676
63510
17458
54675
1713
55105
65321
45278
26256
64198
29441
1928
39425
32000
28549
46295
22772
58228
63525
32602
46195
55849
46454
7487
33879
42004
8599
18641
49015
26830
34754
14668
38362
38791
4171
45975
14623
62393
64658
10963
9058
51031
32425
45483
44611
63664
54920
7663
56480
1489
28438
65449
12441
58530
63570
26251
15972
35826
5491
54253
49655
5868
20163
32952
4657
24142
23319
13607
46304
17677
59691
50967
7817
8545
55297
52954
39720
18455
30349
63270
27156
20614
19372
48689
49386
50584
51936
34705
13653
50077
54518
41482
4169
19219
51483
58090
39074
16060
10447
54169
20634
57555
61210
269
33154
64487
61223
47292
21852
5281
45912
32532
63067
41683
20981
33881
20891
56604
40166
26791
44560
38698
64127
15028
38669
45637
43151
9465
2498
13978
16326
51442
34845
63667
39370
55671
64496
7767
6283
55884
61103
10184
39543
9555
13963
58975
19537
6101
41421
45502
29328
8149
25450
58944
50666
23084
36468
33645
25002
53715
60173
46354
4708
28208
58844
22173
8535
42261
29687
37799
22566
62520
4098
47999
49660
37063
41856
5417
48856
10682
22370
63281
62452
50532
9022
59300
58660
56401
8518
63066
63250
48592
28771
37673
60776
56438
60424
39993
56004
59002
33982
25498
57047
1401
15130
42960
61827
32442
64304
30273
38082
22404
3808
16883
23111
62417
60364
4542
14829
44964
33924
2141
19245
47168
24048
1022
23075
24888
49247
4900
22656
34117
55555
48947
59533
21312
21415
813
19419
1999
20155
21521
13670
19289
58483
41318
16151
13611
21514
13499
45583
49013
64843
63485
38697
59188
24593
57641
36524
56980
36810
6096
11070
60124
37576
15096
45247
32783
58390
60873
23719
24385
22307
17375
15990
20526
25904
42224
9311
7862
3835
30535
65179
57387
63579
4946
9037
61033
55543
50361
6480
14042
21531
39195
37511
23696
27440
28201
23072
7814
6552
43637
35113
34890
61297
45633
61431
46032
18774
62991
28059
35229
51230
14405
52242
43153
2709
47963
36943
54066
10054
43051
11525
17684
41681
27883
56909
45772
27496
46842
38734
28972
59684
11384
21018
2192
18384
13464
31018
62958
30611
1913
18904
26773
55491
21899
64413
47134
23172
7262
12705
7522
58815
34916
3802
58008
1239
63947
381
60734
48769
41938
38025
55099
56691
39530
59003
6029
20920
8077
42633
17443
53570
22833
3782
47758
22136
22427
23867
59968
62166
6972
63684
46388
41942
36524
9323
31114
22345
46463
54671
9214
7257
33150
41565
26214
3595
17932
34660
51961
58634
57990
28848
49920
18351
53669
33996
6741
64098
606
27383
63140
32228
63437
29085
65080
38753
16041
9041
42090
46388
63650
36636
21947
19833
36464
8541
12712
48955
39206
15578
49205
7731
43046
60498
9237
47706
43973
42008
27460
24999
51933
34070
65155
59955
9277
20420
44860
50992
10583
57751
23195
27227
42816
11983
48394
11036
30557
23453
49847
30032
48065
6957
2301
7736
31260
17071
8940
9929
45563
12107
139999
640626
910100
998249
850186
655763
47867
328403
216448
477031
449446
73686
504565
350819
542237
819868
1003779
408783
777530
107507
885079
82606
702149
738857
651723
189583
327739
111762
212710
856173
275001
816596
880640
126755
832357
528490
280439
638526
154193
1018487
897553
107630
609009
200431
889870
247353
1003324
906828
273141
390912
721881
589549
591406
696959
229722
886122
506221
201979
132377
806499
312119
841657
868799
229122
1011194
35558
799917
765407
563834
435424
945280
799763
52248
298268
863593
852091
229971
309916
895524
266295
850484
44817
318297
33174
903321
33591
159040
855842
587966
238333
760579
734836
301359
678315
209797
486191
823229
1009866
796938
17495
14822
196689
597143
14097
36582
296540
875808
31245
693547
617290
754626
356784
816721
596839
566027
369714
669114
274260
244839
268034
946123
933719
387048
865217
510621
988105
761530
943805
860982
1016036
495048
391926
207421
778411
275860
666017
233165
624537
594678
223659
250421
774150
135481
983975
263472
123255
629916
811868
1026565
110009
23869
414248
520443
344226
319575
616371
513646
651528
627183
616044
627022
501546
938566
798934
50453
312215
182010
238952
702880
706420
413730
533219
686957
319437
708018
475413
265137
522441
349817
735128
1016333
96049
730634
788520
509063
942376
803210
930254
841108
628372
24080
1033529
1002225
713423
513067
5176
1047587
296523
513300
922183
245024
880369
905106
4606
307636
668251
595610
900511
942120
924898
1032460
501266
126859
448508
316296
876674
517097
1036874
472382
446442
800162
605237
38051
110594
860489
361309
371103
558691
580943
62814
266004
869762
69245
792414
719060
189662
555313
67862
371259
781917
177145
285615
48418
457767
1818
1047086
436569
595877
998284
403239
457865
538015
478227
838097
434657
844394
982482
288942
698012
681649
90758
733523
1013062
711190
355340
651944
878077
438093
662584
490672
672380
619958
439463
238456
953704
835075
70639
117479
197686
748992
402232
459076
1017324
484372
371067
1018290
386899
820950
315433
628115
725371
1032950
567498
21039
728734
13486
280813
457977
431327
185698
811767
639822
1026322
933800
839380
156040
486748
805576
853652
470824
635328
382377
869430
794542
893187
430680
403025
703749
102495
524682
118378
123587
811634
778834
7740
568473
470441
127031
212369
412921
569157
443677
734154
609332
248397
53608
374362
411309
643521
515583
25692
768836
99476
726272
790777
554873
727662
1020863
542137
306449
268338
916744
811175
388076
741839
988542
762582
815267
743649
339251
840228
273775
878802
501497
154146
58333
1020226
160339
1030082
848761
103198
136141
27825
845166
494754
385089
1031789
387088
119520
460973
483794
371180
804580
867399
204519
420000
1038493
329160
14550
819922
865969
309519
989170
584167
696560
360462
977662
167522
1000158
994214
690622
171773
896147
583563
337927
1019326
15907
689892
19679
7684
571300
562690
610653
105291
481542
886029
465418
170526
277991
288686
133742
249028
377523
881138
281230
854922
759919
487406
996391
391
209100
587247
311403
246002
71780
95707
163293
434034
730810
870875
1014529
563343
1010988
173970
656520
85273
181481
866305
465352
432392
916271
753029
677480
476995
415260
88876
589991
136203
81677
316760
203705
73847
723514
570463
462398
643337
260397
752292
584076
486173
49238
164309
575213
921457
98518
452120
825620
614356
998853
72230
625910
1003500
873601
516620
542687
120720
84183
579119
402096
453684
387498
30789
66531
928668
900457
796446
414541
65714
667527
347755
